1 1 0 0
2 1 1 0
3 1 1 .5
4 1 0 .5
5 0 0 .5
6 0 1 .5
7 0 1 0
8 0 0 0

9 1.05 -.05 .5
10 1.05 1.05 .5
11 1.05 1.05 .55
12 1.05 -.05 .55
13 -.05 -.05 .55
14 -.05 1.05 .55
15 -.05 1.05 .5
16 -.05 -.05 .5

17 1.05 -.05 .45
18 1.05 0 .45
19 1.05 0 .5
20 1.05 -.05 .5
21 -.05 -.05 .5
22 -.05 0 .5
23 -.05 0 .45
24 -.05 -.05 .45

25 1.05 1.0 .45
26 1.05 1.05 .45
27 1.05 1.05 .5
28 1.05 1 .5
29 -.05 1 .5
30 -.05 1.05 .5
31 -.05 1.05 .45
32 -.05 1 .45

33 0 0 .45
34 0 1 .45
35 0 1 .5
36 0 0 .5
37 -.05 0 .5
38 -.05 1 .5
39 -.05 1 .45
40 -.05 0 .45

41 1.05 0 .45
42 1.05 1 .45
43 1.05 1 .5
44 1.05 0 .5
45 1 0 .5
46 1 1 .5
47 1 1 .45
48 1 0 .45
Faces:
5 6 7 8.
8 7 6 5.

4 1 2 3.
3 2 1 4.

5 8 1 4.
4 1 8 5.

6 3 2 7.
7 2 3 6.

1 8 7 2.
2 7 8 1.

13 14 15 16.
12 9 10 11.
13 16 9 12.
14 11 10 15.
9 16 15 10.
12 11 14 13.

21 22 23 24.
20 17 18 19.
21 24 17 20.
22 19 18 23.
17 24 23 18.
20 19 22 21.

29 30 31 32.
28 25 26 27.
29 32 25 28.
30 27 26 31.
25 32 31 26.
28 27 30 29.

37 38 39 40.
36 33 34 35.
37 40 33 36.
38 35 34 39.
33 40 39 34.
36 35 38 37.

45 46 47 48.
44 41 42 43.
45 48 41 44.
46 43 42 47.
41 48 47 42.
44 43 46 45.
